35
53
8
70
34
67
7
27
21
5
91
82
70
85
2
6
49
28
85
48
91
75
61
59
59
89
70
52
87
79
56
38
85
57
12
48
52
18
80
80
55
60
53
57
67
98
71
66
84
3
64
90
8
11
96
70
29
51
29
32
28
76
54
9
24
38
95
22
51
64
37
5
5
97
64
7
85
35
13
15
83
79
19
49
47
92
9
89
47
86
56
44
10
18
55
4
9
64
20
48
58
63
75
37
95
12
69
30
93
20
42
36
21
65
14
31
81
1
61
10
88
50
79
10
87
91
87
22
33
43
91
9
45
36
8
5
23
89
17
26
18
52
35
92
82
68
2
43
100
43
56
32
63
91
97
29
71
77
45
32
10
93
82
13
70
38
6
30
88
1
64
16
44
78
88
3
75
53
43
28
93
97
59
7
49
70
56
18
11
66
84
90
29
26
